00000000 000 00E017FF 00000000 000007FF 00000000 00000000 00000000 00000000 00000000 00000000 00000000 00000000 00000000 00000000 00000000 00000000 00000000 00000000
00000001 001 11410100 00000000 00000100 00000000 00000000 00000000 00000000 00000000 00000000 00000000 00000000 00000000 00000000 00000000 00000000 000007FF 00000000
00000002 002 10F10005 00000000 00000005 00000000 00000000 00000005 00000000 00000000 00000000 00000000 00000000 00000000 00000000 00000000 00000000 000007FF 00000000
00000003 005 0B140008 00000000 00000008 00000000 00000000 00000005 00000000 00000000 00000000 00000000 00000000 00000000 00000000 00000000 00000000 000007FF 00000003
00000004 008 12FE0000 00000000 00000000 00000000 00000000 00000005 00000000 00000000 00000000 00000000 00000000 00000000 00000000 00000000 00000000 000007FF 00000003
00000005 009 01EE1001 00000000 00000001 00000000 00000000 00000005 00000000 00000000 00000000 00000000 00000000 00000000 00000000 00000000 00000000 000007FF 00000003
00000006 00A 124E0000 00000000 00000000 00000000 00000000 00000005 00000000 00000000 00000000 00000000 00000000 00000000 00000000 00000000 00000000 000007FE 00000003
00000007 00B 01EE1001 00000000 00000001 00000000 00000000 00000005 00000000 00000000 00000000 00000000 00000000 00000000 00000000 00000000 00000000 000007FE 00000003
00000008 00C 01441001 00000000 00000001 00000000 00000000 00000005 00000000 00000000 00000000 00000000 00000000 00000000 00000000 00000000 00000000 000007FD 00000003
00000009 00D 10F10005 00000000 00000005 00000000 00000000 00000004 00000000 00000000 00000000 00000000 00000000 00000000 00000000 00000000 00000000 000007FD 00000003
0000000A 005 0B140008 00000000 00000008 00000000 00000000 00000004 00000000 00000000 00000000 00000000 00000000 00000000 00000000 00000000 00000000 000007FD 0000000E
0000000B 008 12FE0000 00000000 00000000 00000000 00000000 00000004 00000000 00000000 00000000 00000000 00000000 00000000 00000000 00000000 00000000 000007FD 0000000E
0000000C 009 01EE1001 00000000 00000001 00000000 00000000 00000004 00000000 00000000 00000000 00000000 00000000 00000000 00000000 00000000 00000000 000007FD 0000000E
0000000D 00A 124E0000 00000000 00000000 00000000 00000000 00000004 00000000 00000000 00000000 00000000 00000000 00000000 00000000 00000000 00000000 000007FC 0000000E
0000000E 00B 01EE1001 00000000 00000001 00000000 00000000 00000004 00000000 00000000 00000000 00000000 00000000 00000000 00000000 00000000 00000000 000007FC 0000000E
0000000F 00C 01441001 00000000 00000001 00000000 00000000 00000004 00000000 00000000 00000000 00000000 00000000 00000000 00000000 00000000 00000000 000007FB 0000000E
00000010 00D 10F10005 00000000 00000005 00000000 00000000 00000003 00000000 00000000 00000000 00000000 00000000 00000000 00000000 00000000 00000000 000007FB 0000000E
00000011 005 0B140008 00000000 00000008 00000000 00000000 00000003 00000000 00000000 00000000 00000000 00000000 00000000 00000000 00000000 00000000 000007FB 0000000E
00000012 008 12FE0000 00000000 00000000 00000000 00000000 00000003 00000000 00000000 00000000 00000000 00000000 00000000 00000000 00000000 00000000 000007FB 0000000E
00000013 009 01EE1001 00000000 00000001 00000000 00000000 00000003 00000000 00000000 00000000 00000000 00000000 00000000 00000000 00000000 00000000 000007FB 0000000E
00000014 00A 124E0000 00000000 00000000 00000000 00000000 00000003 00000000 00000000 00000000 00000000 00000000 00000000 00000000 00000000 00000000 000007FA 0000000E
00000015 00B 01EE1001 00000000 00000001 00000000 00000000 00000003 00000000 00000000 00000000 00000000 00000000 00000000 00000000 00000000 00000000 000007FA 0000000E
00000016 00C 01441001 00000000 00000001 00000000 00000000 00000003 00000000 00000000 00000000 00000000 00000000 00000000 00000000 00000000 00000000 000007F9 0000000E
00000017 00D 10F10005 00000000 00000005 00000000 00000000 00000002 00000000 00000000 00000000 00000000 00000000 00000000 00000000 00000000 00000000 000007F9 0000000E
00000018 005 0B140008 00000000 00000008 00000000 00000000 00000002 00000000 00000000 00000000 00000000 00000000 00000000 00000000 00000000 00000000 000007F9 0000000E
00000019 008 12FE0000 00000000 00000000 00000000 00000000 00000002 00000000 00000000 00000000 00000000 00000000 00000000 00000000 00000000 00000000 000007F9 0000000E
0000001A 009 01EE1001 00000000 00000001 00000000 00000000 00000002 00000000 00000000 00000000 00000000 00000000 00000000 00000000 00000000 00000000 000007F9 0000000E
0000001B 00A 124E0000 00000000 00000000 00000000 00000000 00000002 00000000 00000000 00000000 00000000 00000000 00000000 00000000 00000000 00000000 000007F8 0000000E
0000001C 00B 01EE1001 00000000 00000001 00000000 00000000 00000002 00000000 00000000 00000000 00000000 00000000 00000000 00000000 00000000 00000000 000007F8 0000000E
0000001D 00C 01441001 00000000 00000001 00000000 00000000 00000002 00000000 00000000 00000000 00000000 00000000 00000000 00000000 00000000 00000000 000007F7 0000000E
0000001E 00D 10F10005 00000000 00000005 00000000 00000000 00000001 00000000 00000000 00000000 00000000 00000000 00000000 00000000 00000000 00000000 000007F7 0000000E
0000001F 005 0B140008 00000000 00000008 00000000 00000000 00000001 00000000 00000000 00000000 00000000 00000000 00000000 00000000 00000000 00000000 000007F7 0000000E
00000020 008 12FE0000 00000000 00000000 00000000 00000000 00000001 00000000 00000000 00000000 00000000 00000000 00000000 00000000 00000000 00000000 000007F7 0000000E
00000021 009 01EE1001 00000000 00000001 00000000 00000000 00000001 00000000 00000000 00000000 00000000 00000000 00000000 00000000 00000000 00000000 000007F7 0000000E
00000022 00A 124E0000 00000000 00000000 00000000 00000000 00000001 00000000 00000000 00000000 00000000 00000000 00000000 00000000 00000000 00000000 000007F6 0000000E
00000023 00B 01EE1001 00000000 00000001 00000000 00000000 00000001 00000000 00000000 00000000 00000000 00000000 00000000 00000000 00000000 00000000 000007F6 0000000E
00000024 00C 01441001 00000000 00000001 00000000 00000000 00000001 00000000 00000000 00000000 00000000 00000000 00000000 00000000 00000000 00000000 000007F5 0000000E
00000025 00D 10F10005 00000000 00000005 00000000 00000000 00000000 00000000 00000000 00000000 00000000 00000000 00000000 00000000 00000000 00000000 000007F5 0000000E
00000026 005 0B140008 00000000 00000008 00000000 00000000 00000000 00000000 00000000 00000000 00000000 00000000 00000000 00000000 00000000 00000000 000007F5 0000000E
00000027 006 00301001 00000000 00000001 00000000 00000000 00000000 00000000 00000000 00000000 00000000 00000000 00000000 00000000 00000000 00000000 000007F5 0000000E
00000028 007 0AF00000 00000000 00000000 00000000 00000001 00000000 00000000 00000000 00000000 00000000 00000000 00000000 00000000 00000000 00000000 000007F5 0000000E
00000029 00E 00EE1001 00000000 00000001 00000000 00000001 00000000 00000000 00000000 00000000 00000000 00000000 00000000 00000000 00000000 00000000 000007F5 0000000E
0000002A 00F 118E0000 00000000 00000000 00000000 00000001 00000000 00000000 00000000 00000000 00000000 00000000 00000000 00000000 00000000 00000000 000007F6 0000000E
0000002B 010 00EE1001 00000000 00000001 00000000 00000001 00000000 00000000 00000000 00000000 00000001 00000000 00000000 00000000 00000000 00000000 000007F6 0000000E
0000002C 011 11FE0000 00000000 00000000 00000000 00000001 00000000 00000000 00000000 00000000 00000001 00000000 00000000 00000000 00000000 00000000 000007F7 0000000E
0000002D 012 02383000 00000000 00000000 00000000 00000001 00000000 00000000 00000000 00000000 00000001 00000000 00000000 00000000 00000000 00000000 000007F7 0000000E
0000002E 013 0AF00000 00000000 00000000 00000000 00000001 00000000 00000000 00000000 00000000 00000001 00000000 00000000 00000000 00000000 00000000 000007F7 0000000E
0000002F 00E 00EE1001 00000000 00000001 00000000 00000001 00000000 00000000 00000000 00000000 00000001 00000000 00000000 00000000 00000000 00000000 000007F7 0000000E
00000030 00F 118E0000 00000000 00000000 00000000 00000001 00000000 00000000 00000000 00000000 00000001 00000000 00000000 00000000 00000000 00000000 000007F8 0000000E
00000031 010 00EE1001 00000000 00000001 00000000 00000001 00000000 00000000 00000000 00000000 00000002 00000000 00000000 00000000 00000000 00000000 000007F8 0000000E
00000032 011 11FE0000 00000000 00000000 00000000 00000001 00000000 00000000 00000000 00000000 00000002 00000000 00000000 00000000 00000000 00000000 000007F9 0000000E
00000033 012 02383000 00000000 00000000 00000000 00000001 00000000 00000000 00000000 00000000 00000002 00000000 00000000 00000000 00000000 00000000 000007F9 0000000E
00000034 013 0AF00000 00000000 00000000 00000000 00000002 00000000 00000000 00000000 00000000 00000002 00000000 00000000 00000000 00000000 00000000 000007F9 0000000E
00000035 00E 00EE1001 00000000 00000001 00000000 00000002 00000000 00000000 00000000 00000000 00000002 00000000 00000000 00000000 00000000 00000000 000007F9 0000000E
00000036 00F 118E0000 00000000 00000000 00000000 00000002 00000000 00000000 00000000 00000000 00000002 00000000 00000000 00000000 00000000 00000000 000007FA 0000000E
00000037 010 00EE1001 00000000 00000001 00000000 00000002 00000000 00000000 00000000 00000000 00000003 00000000 00000000 00000000 00000000 00000000 000007FA 0000000E
00000038 011 11FE0000 00000000 00000000 00000000 00000002 00000000 00000000 00000000 00000000 00000003 00000000 00000000 00000000 00000000 00000000 000007FB 0000000E
00000039 012 02383000 00000000 00000000 00000000 00000002 00000000 00000000 00000000 00000000 00000003 00000000 00000000 00000000 00000000 00000000 000007FB 0000000E
0000003A 013 0AF00000 00000000 00000000 00000000 00000006 00000000 00000000 00000000 00000000 00000003 00000000 00000000 00000000 00000000 00000000 000007FB 0000000E
0000003B 00E 00EE1001 00000000 00000001 00000000 00000006 00000000 00000000 00000000 00000000 00000003 00000000 00000000 00000000 00000000 00000000 000007FB 0000000E
0000003C 00F 118E0000 00000000 00000000 00000000 00000006 00000000 00000000 00000000 00000000 00000003 00000000 00000000 00000000 00000000 00000000 000007FC 0000000E
0000003D 010 00EE1001 00000000 00000001 00000000 00000006 00000000 00000000 00000000 00000000 00000004 00000000 00000000 00000000 00000000 00000000 000007FC 0000000E
0000003E 011 11FE0000 00000000 00000000 00000000 00000006 00000000 00000000 00000000 00000000 00000004 00000000 00000000 00000000 00000000 00000000 000007FD 0000000E
0000003F 012 02383000 00000000 00000000 00000000 00000006 00000000 00000000 00000000 00000000 00000004 00000000 00000000 00000000 00000000 00000000 000007FD 0000000E
00000040 013 0AF00000 00000000 00000000 00000000 00000018 00000000 00000000 00000000 00000000 00000004 00000000 00000000 00000000 00000000 00000000 000007FD 0000000E
00000041 00E 00EE1001 00000000 00000001 00000000 00000018 00000000 00000000 00000000 00000000 00000004 00000000 00000000 00000000 00000000 00000000 000007FD 0000000E
00000042 00F 118E0000 00000000 00000000 00000000 00000018 00000000 00000000 00000000 00000000 00000004 00000000 00000000 00000000 00000000 00000000 000007FE 0000000E
00000043 010 00EE1001 00000000 00000001 00000000 00000018 00000000 00000000 00000000 00000000 00000005 00000000 00000000 00000000 00000000 00000000 000007FE 0000000E
00000044 011 11FE0000 00000000 00000000 00000000 00000018 00000000 00000000 00000000 00000000 00000005 00000000 00000000 00000000 00000000 00000000 000007FF 0000000E
00000045 012 02383000 00000000 00000000 00000000 00000018 00000000 00000000 00000000 00000000 00000005 00000000 00000000 00000000 00000000 00000000 000007FF 00000003
00000046 013 0AF00000 00000000 00000000 00000000 00000078 00000000 00000000 00000000 00000000 00000005 00000000 00000000 00000000 00000000 00000000 000007FF 00000003
00000047 003 12310101 00000000 00000101 00000000 00000078 00000000 00000000 00000000 00000000 00000005 00000000 00000000 00000000 00000000 00000000 000007FF 00000003
00000048 004 16000000 00000000 00000000 00000000 00000078 00000000 00000000 00000000 00000000 00000005 00000000 00000000 00000000 00000000 00000000 000007FF 00000003
